param m := 20; # NUMBER OF ROWS
param n := 20; # NUMBER OF ROWS

param b :=  
# i b(i)
  1   20
  2   40
  3   60
  4   80
  5  100
  6  120
  7  140
  8  160
  9  180
  10 200
  11  40
  12  60
  13  80
  14 100
  15 120
  16 140
  17 160
  18 180
  19 200
  20 220;

param a: 1 2 3 4 5 6 7 8 9 10 11 12 13 14 15 16 17 18 19 20 := # CONSTRAINT MATRIX
# a(i,j):
    1  1     2     3     4     5     6     7     8     9    10    11    12    13    14    15    16    17    18    19    20
    2  1     3     5     7     9    11    13    15    17    19    21    23    25    27    29    31    33    35    37    39
    3  1     4     7    10    13    16    19    22    25    28    31    34    37    40    43    46    49    52    55    58
    4  1     5     9    13    17    21    25    29    33    37    41    45    49    53    57    61    65    69    73    77
    5  1     6    11    16    21    26    31    36    41    46    51    56    61    66    71    76    81    86    91    96
    6  1     7    13    19    25    31    37    43    49    55    61    67    73    79    85    91    97   103   109   115
    7  1     8    15    22    29    36    43    50    57    64    71    78    85    92    99   106   113   120   127   134
    8  1     9    17    25    33    41    49    57    65    73    81    89    97   105   113   121   129   137   145   153
    9  1    10    19    28    37    46    55    64    73    82    91   100   109   118   127   136   145   154   163   172
    10 1    11    21    31    41    51    61    71    81    91   101   111   121   131   141   151   161   171   181   191
    11 2     4     6     8    10    12    14    16    18    20    22    24    26    28    30    32    34    36    38    40
    12 2     5     8    11    14    17    20    23    26    29    32    35    38    41    44    47    50    53    56    59
    13 2     6    10    14    18    22    26    30    34    38    42    46    50    54    58    62    66    70    74    78
    14 2     7    12    17    22    27    32    37    42    47    52    57    62    67    72    77    82    87    92    97
    15 2     8    14    20    26    32    38    44    50    56    62    68    74    80    86    92    98   104   110   116
    16 2     9    16    23    30    37    44    51    58    65    72    79    86    93   100   107   114   121   128   135
    17 2    10    18    26    34    42    50    58    66    74    82    90    98   106   114   122   130   138   146   154
    18 2    11    20    29    38    47    56    65    74    83    92   101   110   119   128   137   146   155   164   173
    19 2    12    22    32    42    52    62    72    82    92   102   112   122   132   142   152   162   172   182   192
    20 2    13    24    35    46    57    68    79    90   101   112   123   134   145   156   167   178   189   200   211 ;
