sumt = 2.10526

x(1) = -1.052632
x(2) = 0.000000
x(3) = 0.000000
x(4) = 0.000000
x(5) = 0.000000
x(6) = 0.000000
x(7) = 0.000000
x(8) = 0.000000
x(9) = 0.000000
x(10) = 0.000000
x(11) = 0.000000
x(12) = 0.000000
x(13) = 0.000000
x(14) = 0.000000
x(15) = 0.000000
x(16) = 0.000000
x(17) = 0.000000
x(18) = 0.000000
x(19) = 0.000000
x(20) = 1.052632
