sumt = 4.5625

x(1) = 3.062500
x(2) = 1.500000
