>> Decomp

n =

     6


m1 =

     1


m2 =

     2


E =

     4     4     2    13    12    13


A =

    14     9    13     2     5    12
    15     1     7     7     9    10


h =

    21


b =

    27
    20


c =

     5
     4
     8
     2
    10
     3

Optimizing the original LP without decomposition
Optimization terminated.
Optimal value of the original LP:

z =

    8.4487


x =

    0.4278
    0.6040
    0.0000
    0.0000
    0.0000
    1.2979
    0.0000

Starting Decomposition Algorithm

MAXIT =

    50

extremem point of x1
Optimization terminated.

x1 =

    0.0000
    0.3846
    0.0000
    0.0000
    0.0000
    1.9615


CX =

    7.4231


B =

    1.0000   27.0385
         0    1.0000


zeta =

   -6.0385
    1.0000

*** Phase-one needed

B =

    1.0000   27.0385  -28.0385
         0    1.0000   -1.0000


xi =

     0
     0
     1


k =

     1

Optimization terminated.

masterval =

    6.0385


y =

   -1.0000


sigma =

   27.0385

Optimization terminated.

numcol =

     4


numx =

     2


X =

    0.0000    0.7320
    0.3846    0.0000
    0.0000    1.2887
    0.0000    0.0000
    0.0000    0.0000
    1.9615    0.0000


CX =

    7.4231
   13.9691


B =

    1.0000   27.0385  -28.0385    5.5052
         0    1.0000   -1.0000    1.0000


xi =

     0
     0
     1
     0


k =

     2

Optimization terminated.

masterval =

   1.4487e-12


y =

  -1.6406e-12


sigma =

   5.7156e-12

Optimization terminated.

numcol =

     5


numx =

     3


X =

    0.0000    0.7320    0.3194
    0.3846    0.0000    1.7701
    0.0000    1.2887    0.1544
    0.0000    0.0000    1.2050
    0.0000    0.0000    0.4357
    1.9615    0.0000    0.0002


CX =

    7.4231
   13.9691
   16.6795


B =

    1.0000   27.0385  -28.0385    5.5052   29.5623
         0    1.0000   -1.0000    1.0000    1.0000


xi =

     0
     0
     1
     0
     0

*** Starting phase-two

B =

    1.0000   27.0385    5.5052
         0    1.0000    1.0000


X =

    0.0000    0.7320
    0.3846    0.0000
    0.0000    1.2887
    0.0000    0.0000
    0.0000    0.0000
    1.9615    0.0000


CX =

    7.4231
   13.9691


numcol =

     3


k =

     1


obj =

         0
    7.4231
   13.9691

Optimization terminated.

zeta =

    0.0000
    0.7196
    0.2804


masterval =

    9.2587


y =

   -0.3040


sigma =

   15.6426


results1 =

     1
     0
     0
     0
     0
     0
     0
     0
     0
     0
     0
     0
     0
     0
     0
     0
     0
     0
     0
     0
     0
     0
     0
     0
     0
     0
     0
     0
     0
     0
     0
     0
     0
     0
     0
     0
     0
     0
     0
     0
     0
     0
     0
     0
     0
     0
     0
     0
     0
     0


results2 =

    9.2587
         0
         0
         0
         0
         0
         0
         0
         0
         0
         0
         0
         0
         0
         0
         0
         0
         0
         0
         0
         0
         0
         0
         0
         0
         0
         0
         0
         0
         0
         0
         0
         0
         0
         0
         0
         0
         0
         0
         0
         0
         0
         0
         0
         0
         0
         0
         0
         0
         0

Optimization terminated.

ans =

   -2.3943


numcol =

     4


numx =

     3


X =

    0.0000    0.7320    1.2645
    0.3846    0.0000    1.0331
    0.0000    1.2887    0.0000
    0.0000    0.0000    0.0000
    0.0000    0.0000    0.0000
    1.9615    0.0000    0.0000


CX =

    7.4231
   13.9691
   10.4545


B =

    1.0000   27.0385    5.5052    9.1901
         0    1.0000    1.0000    1.0000


k =

     2


obj =

         0
    7.4231
   13.9691
   10.4545

Optimization terminated.

zeta =

    0.0000
    0.6617
    0.0000
    0.3383


masterval =

    8.4487


y =

   -0.1698


sigma =

   12.0154


results1 =

     1
     2
     0
     0
     0
     0
     0
     0
     0
     0
     0
     0
     0
     0
     0
     0
     0
     0
     0
     0
     0
     0
     0
     0
     0
     0
     0
     0
     0
     0
     0
     0
     0
     0
     0
     0
     0
     0
     0
     0
     0
     0
     0
     0
     0
     0
     0
     0
     0
     0


results2 =

    9.2587
    8.4487
         0
         0
         0
         0
         0
         0
         0
         0
         0
         0
         0
         0
         0
         0
         0
         0
         0
         0
         0
         0
         0
         0
         0
         0
         0
         0
         0
         0
         0
         0
         0
         0
         0
         0
         0
         0
         0
         0
         0
         0
         0
         0
         0
         0
         0
         0
         0
         0

Optimization terminated.

ans =

   1.5626e-09


numcol =

     5


numx =

     4


X =

    0.0000    0.7320    1.2645    1.1834
    0.3846    0.0000    1.0331    0.9915
    0.0000    1.2887    0.0000    0.0000
    0.0000    0.0000    0.0000    0.0000
    0.0000    0.0000    0.0000    0.0000
    1.9615    0.0000    0.0000    0.1258


CX =

    7.4231
   13.9691
   10.4545
   10.2601


B =

    1.0000   27.0385    5.5052    9.1901   10.3348
         0    1.0000    1.0000    1.0000    1.0000

finish

X =

    0.0000    0.7320    1.2645
    0.3846    0.0000    1.0331
    0.0000    1.2887    0.0000
    0.0000    0.0000    0.0000
    0.0000    0.0000    0.0000
    1.9615    0.0000    0.0000


zeta =

    0.0000
    0.6617
    0.0000
    0.3383


xdw =

    0.4278
    0.6040
    0.0000
    0.0000
    0.0000
    1.2979


DWz =

    8.4487


z =

    8.4487

IT WORKED!!!
>> 