>> compute_primal

beta =

     1     2


eta =

     []


eta =

     3     4     5     6


x_bar =

    1.2645
    1.0331


A_etaj_bar =

    0.4132    0.5041    0.6281    0.6446
    0.8017   -0.5620   -0.4215    0.3306


ans =

   10.4545


beta =

     1     3


eta =

     []


eta =

     2     4     5     6


x_bar =

    0.7320
    1.2887


A_etaj_bar =

   -0.5155    0.7938    0.8454    0.4742
    1.2474   -0.7010   -0.5258    0.4124


ans =

   13.9691


beta =

     1     4


eta =

     []


eta =

     2     3     5     6


x_bar =

    2.1912
   -1.8382


A_etaj_bar =

    0.8971    1.1324    0.2500    0.9412
   -1.7794   -1.4265    0.7500   -0.5882


ans =

    7.2794


beta =

     1     5


eta =

     []


eta =

     2     3     4     6


x_bar =

    2.8039
   -2.4510


A_etaj_bar =

    1.4902    1.6078   -0.3333    1.1373
   -2.3725   -1.9020    1.3333   -0.7843


ans =

  -10.4902


beta =

     1     6


eta =

     []


eta =

     2     3     4     5


x_bar =

   -0.7500
    3.1250


A_etaj_bar =

   -1.9500   -1.1500    1.6000    1.4500
    3.0250    2.4250   -1.7000   -1.2750


ans =

    5.6250


beta =

     2     3


eta =

     []


eta =

     1     4     5     6


x_bar =

   -1.4200
    3.0600


A_etaj_bar =

   -1.9400   -1.5400   -1.6400   -0.9200
    2.4200    1.2200    1.5200    1.5600


ans =

   18.8000


beta =

     2     4


eta =

     []


eta =

     1     3     5     6


x_bar =

    2.4426
    2.5082


A_etaj_bar =

    1.1148    1.2623    0.2787    1.0492
    1.9836    0.8197    1.2459    1.2787


ans =

   14.7869


beta =

     2     5


eta =

     []


eta =

     1     3     4     6


x_bar =

    1.8816
    2.0132


A_etaj_bar =

    0.6711    1.0789   -0.2237    0.7632
    1.5921    0.6579    0.8026    1.0263


ans =

   27.6579


beta =

     2     6


eta =

     []


eta =

     1     3     4     5


x_bar =

    0.3846
    1.9615


A_etaj_bar =

   -0.5128    0.5897   -0.8205   -0.7436
    1.5513    0.6410    0.7821    0.9744


ans =

    7.4231


beta =

     3     4


eta =

     []


eta =

     1     2     5     6


x_bar =

    1.9351
    0.9221


A_etaj_bar =

    0.8831    0.7922    0.2208    0.8312
    1.2597   -0.6494    1.0649    0.5974


ans =

   17.3247


beta =

     3     5


eta =

     []


eta =

     1     2     4     6


x_bar =

    1.7439
    0.8659


A_etaj_bar =

    0.6220    0.9268   -0.2073    0.7073
    1.1829   -0.6098    0.9390    0.5610


ans =

   22.6098


beta =

     3     6


eta =

     []


eta =

     1     2     4     5


x_bar =

    0.6522
    1.5435


A_etaj_bar =

   -0.8696    1.6957   -1.3913   -1.2609
    2.1087   -1.0870    1.6739    1.7826


ans =

    9.8478


beta =

     4     5


eta =

     []


eta =

     1     2     3     6


x_bar =

   -8.4118
    8.7647


A_etaj_bar =

   -3.0000   -4.4706   -4.8235   -3.4118
    4.0000    3.5882    4.5294    3.7647


ans =

   70.8235


beta =

     4     6


eta =

     []


eta =

     1     2     3     5


x_bar =

   -0.4687
    2.3281


A_etaj_bar =

    0.6250   -1.2187   -0.7187    0.9062
    1.0625    0.9531    1.2031    0.2656


ans =

    6.0469


beta =

     5     6


eta =

     []


eta =

     1     2     3     4


x_bar =

   -0.5172
    2.4655


A_etaj_bar =

    0.6897   -1.3448   -0.7931    1.1034
    0.8793    1.3103    1.4138   -0.2931


ans =

    2.2241

>> 