finishtime = 8

t(0) = 0.000000
t(1) = 0.000000
t(2) = 2.000000
t(3) = 3.000000
t(4) = 2.000000
t(5) = 6.000000
t(6) = 8.000000
