finishtime = 11

t(0) = 0.000000
t(1) = 0.000000
t(2) = 2.000000
t(3) = 3.000000
t(4) = 2.000000
t(5) = 9.000000
t(6) = 11.000000
