totalprofit = 2528.43

x(1) = 40.650000
x(2) = 0.000000
x(3) = 0.000000
x(4) = 0.000000
