z = 58

x(1) = 2.000000
x(2) = 0.000000
x(3) = 0.000000
x(4) = 1.000000
x(5) = 4.000000
x(6) = 0.000000
