z = 12.125

y(1) = 0.250000
y(2) = 0.125000
y(3) = 0.000000
